                                                  1111111111111111111111111111111111111111111111111122222222222222222222222222222222222222222222222222
                                                  1111111111111111111111111111111111111111111111111122222222222222222222222222222222222222222222222222
                                                  1111111111111111111111111111111111111111111111111122222222222222222222222222222222222222222222222222
                                                  1111111111111111111111111111111111111111111111111122222222222222222222222222222222222222222222222222
                                                  1111111111111111111111111111111111111111111111111122222222222222222222222222222222222222222222222222
                                                  1111111111111111111111111111111111111111111111111122222222222222222222222222222222222222222222222222
                                                  1111111111111111111111111111111111111111111111111122222222222222222222222222222222222222222222222222
                                                  1111111111111111111111111111111111111111111111111122222222222222222222222222222222222222222222222222
                                                  1111111111111111111111111111111111111111111111111122222222222222222222222222222222222222222222222222
                                                  1111111111111111111111111111111111111111111111111122222222222222222222222222222222222222222222222222
                                                  1111111111111111111111111111111111111111111111111122222222222222222222222222222222222222222222222222
                                                  1111111111111111111111111111111111111111111111111122222222222222222222222222222222222222222222222222
                                                  1111111111111111111111111111111111111111111111111122222222222222222222222222222222222222222222222222
                                                  1111111111111111111111111111111111111111111111111122222222222222222222222222222222222222222222222222
                                                  1111111111111111111111111111111111111111111111111122222222222222222222222222222222222222222222222222
                                                  1111111111111111111111111111111111111111111111111122222222222222222222222222222222222222222222222222
                                                  1111111111111111111111111111111111111111111111111122222222222222222222222222222222222222222222222222
                                                  1111111111111111111111111111111111111111111111111122222222222222222222222222222222222222222222222222
                                                  1111111111111111111111111111111111111111111111111122222222222222222222222222222222222222222222222222
                                                  1111111111111111111111111111111111111111111111111122222222222222222222222222222222222222222222222222
                                                  1111111111111111111111111111111111111111111111111122222222222222222222222222222222222222222222222222
                                                  1111111111111111111111111111111111111111111111111122222222222222222222222222222222222222222222222222
                                                  1111111111111111111111111111111111111111111111111122222222222222222222222222222222222222222222222222
                                                  1111111111111111111111111111111111111111111111111122222222222222222222222222222222222222222222222222
                                                  1111111111111111111111111111111111111111111111111122222222222222222222222222222222222222222222222222
                                                  1111111111111111111111111111111111111111111111111122222222222222222222222222222222222222222222222222
                                                  1111111111111111111111111111111111111111111111111122222222222222222222222222222222222222222222222222
                                                  1111111111111111111111111111111111111111111111111122222222222222222222222222222222222222222222222222
                                                  1111111111111111111111111111111111111111111111111122222222222222222222222222222222222222222222222222
                                                  1111111111111111111111111111111111111111111111111122222222222222222222222222222222222222222222222222
                                                  1111111111111111111111111111111111111111111111111122222222222222222222222222222222222222222222222222
                                                  1111111111111111111111111111111111111111111111111122222222222222222222222222222222222222222222222222
                                                  1111111111111111111111111111111111111111111111111122222222222222222222222222222222222222222222222222
                                                  1111111111111111111111111111111111111111111111111122222222222222222222222222222222222222222222222222
                                                  1111111111111111111111111111111111111111111111111122222222222222222222222222222222222222222222222222
                                                  1111111111111111111111111111111111111111111111111122222222222222222222222222222222222222222222222222
                                                  1111111111111111111111111111111111111111111111111122222222222222222222222222222222222222222222222222
                                                  1111111111111111111111111111111111111111111111111122222222222222222222222222222222222222222222222222
                                                  1111111111111111111111111111111111111111111111111122222222222222222222222222222222222222222222222222
                                                  1111111111111111111111111111111111111111111111111122222222222222222222222222222222222222222222222222
                                                  1111111111111111111111111111111111111111111111111122222222222222222222222222222222222222222222222222
                                                  1111111111111111111111111111111111111111111111111122222222222222222222222222222222222222222222222222
                                                  1111111111111111111111111111111111111111111111111122222222222222222222222222222222222222222222222222
                                                  1111111111111111111111111111111111111111111111111122222222222222222222222222222222222222222222222222
                                                  1111111111111111111111111111111111111111111111111122222222222222222222222222222222222222222222222222
                                                  1111111111111111111111111111111111111111111111111122222222222222222222222222222222222222222222222222
                                                  1111111111111111111111111111111111111111111111111122222222222222222222222222222222222222222222222222
                                                  1111111111111111111111111111111111111111111111111122222222222222222222222222222222222222222222222222
                                                  1111111111111111111111111111111111111111111111111122222222222222222222222222222222222222222222222222
                                                  1111111111111111111111111111111111111111111111111122222222222222222222222222222222222222222222222222
                                                  33333333333333333333333333333333333333333333333333
                                                  33333333333333333333333333333333333333333333333333
                                                  33333333333333333333333333333333333333333333333333
                                                  33333333333333333333333333333333333333333333333333
                                                  33333333333333333333333333333333333333333333333333
                                                  33333333333333333333333333333333333333333333333333
                                                  33333333333333333333333333333333333333333333333333
                                                  33333333333333333333333333333333333333333333333333
                                                  33333333333333333333333333333333333333333333333333
                                                  33333333333333333333333333333333333333333333333333
                                                  33333333333333333333333333333333333333333333333333
                                                  33333333333333333333333333333333333333333333333333
                                                  33333333333333333333333333333333333333333333333333
                                                  33333333333333333333333333333333333333333333333333
                                                  33333333333333333333333333333333333333333333333333
                                                  33333333333333333333333333333333333333333333333333
                                                  33333333333333333333333333333333333333333333333333
                                                  33333333333333333333333333333333333333333333333333
                                                  33333333333333333333333333333333333333333333333333
                                                  33333333333333333333333333333333333333333333333333
                                                  33333333333333333333333333333333333333333333333333
                                                  33333333333333333333333333333333333333333333333333
                                                  33333333333333333333333333333333333333333333333333
                                                  33333333333333333333333333333333333333333333333333
                                                  33333333333333333333333333333333333333333333333333
                                                  33333333333333333333333333333333333333333333333333
                                                  33333333333333333333333333333333333333333333333333
                                                  33333333333333333333333333333333333333333333333333
                                                  33333333333333333333333333333333333333333333333333
                                                  33333333333333333333333333333333333333333333333333
                                                  33333333333333333333333333333333333333333333333333
                                                  33333333333333333333333333333333333333333333333333
                                                  33333333333333333333333333333333333333333333333333
                                                  33333333333333333333333333333333333333333333333333
                                                  33333333333333333333333333333333333333333333333333
                                                  33333333333333333333333333333333333333333333333333
                                                  33333333333333333333333333333333333333333333333333
                                                  33333333333333333333333333333333333333333333333333
                                                  33333333333333333333333333333333333333333333333333
                                                  33333333333333333333333333333333333333333333333333
                                                  33333333333333333333333333333333333333333333333333
                                                  33333333333333333333333333333333333333333333333333
                                                  33333333333333333333333333333333333333333333333333
                                                  33333333333333333333333333333333333333333333333333
                                                  33333333333333333333333333333333333333333333333333
                                                  33333333333333333333333333333333333333333333333333
                                                  33333333333333333333333333333333333333333333333333
                                                  33333333333333333333333333333333333333333333333333
                                                  33333333333333333333333333333333333333333333333333
                                                  33333333333333333333333333333333333333333333333333
4444444444444444444444444444444444444444444444444455555555555555555555555555555555555555555555555555
4444444444444444444444444444444444444444444444444455555555555555555555555555555555555555555555555555
4444444444444444444444444444444444444444444444444455555555555555555555555555555555555555555555555555
4444444444444444444444444444444444444444444444444455555555555555555555555555555555555555555555555555
4444444444444444444444444444444444444444444444444455555555555555555555555555555555555555555555555555
4444444444444444444444444444444444444444444444444455555555555555555555555555555555555555555555555555
4444444444444444444444444444444444444444444444444455555555555555555555555555555555555555555555555555
4444444444444444444444444444444444444444444444444455555555555555555555555555555555555555555555555555
4444444444444444444444444444444444444444444444444455555555555555555555555555555555555555555555555555
4444444444444444444444444444444444444444444444444455555555555555555555555555555555555555555555555555
4444444444444444444444444444444444444444444444444455555555555555555555555555555555555555555555555555
4444444444444444444444444444444444444444444444444455555555555555555555555555555555555555555555555555
4444444444444444444444444444444444444444444444444455555555555555555555555555555555555555555555555555
4444444444444444444444444444444444444444444444444455555555555555555555555555555555555555555555555555
4444444444444444444444444444444444444444444444444455555555555555555555555555555555555555555555555555
4444444444444444444444444444444444444444444444444455555555555555555555555555555555555555555555555555
4444444444444444444444444444444444444444444444444455555555555555555555555555555555555555555555555555
4444444444444444444444444444444444444444444444444455555555555555555555555555555555555555555555555555
4444444444444444444444444444444444444444444444444455555555555555555555555555555555555555555555555555
4444444444444444444444444444444444444444444444444455555555555555555555555555555555555555555555555555
4444444444444444444444444444444444444444444444444455555555555555555555555555555555555555555555555555
4444444444444444444444444444444444444444444444444455555555555555555555555555555555555555555555555555
4444444444444444444444444444444444444444444444444455555555555555555555555555555555555555555555555555
4444444444444444444444444444444444444444444444444455555555555555555555555555555555555555555555555555
4444444444444444444444444444444444444444444444444455555555555555555555555555555555555555555555555555
4444444444444444444444444444444444444444444444444455555555555555555555555555555555555555555555555555
4444444444444444444444444444444444444444444444444455555555555555555555555555555555555555555555555555
4444444444444444444444444444444444444444444444444455555555555555555555555555555555555555555555555555
4444444444444444444444444444444444444444444444444455555555555555555555555555555555555555555555555555
4444444444444444444444444444444444444444444444444455555555555555555555555555555555555555555555555555
4444444444444444444444444444444444444444444444444455555555555555555555555555555555555555555555555555
4444444444444444444444444444444444444444444444444455555555555555555555555555555555555555555555555555
4444444444444444444444444444444444444444444444444455555555555555555555555555555555555555555555555555
4444444444444444444444444444444444444444444444444455555555555555555555555555555555555555555555555555
4444444444444444444444444444444444444444444444444455555555555555555555555555555555555555555555555555
4444444444444444444444444444444444444444444444444455555555555555555555555555555555555555555555555555
4444444444444444444444444444444444444444444444444455555555555555555555555555555555555555555555555555
4444444444444444444444444444444444444444444444444455555555555555555555555555555555555555555555555555
4444444444444444444444444444444444444444444444444455555555555555555555555555555555555555555555555555
4444444444444444444444444444444444444444444444444455555555555555555555555555555555555555555555555555
4444444444444444444444444444444444444444444444444455555555555555555555555555555555555555555555555555
4444444444444444444444444444444444444444444444444455555555555555555555555555555555555555555555555555
4444444444444444444444444444444444444444444444444455555555555555555555555555555555555555555555555555
4444444444444444444444444444444444444444444444444455555555555555555555555555555555555555555555555555
4444444444444444444444444444444444444444444444444455555555555555555555555555555555555555555555555555
4444444444444444444444444444444444444444444444444455555555555555555555555555555555555555555555555555
4444444444444444444444444444444444444444444444444455555555555555555555555555555555555555555555555555
4444444444444444444444444444444444444444444444444455555555555555555555555555555555555555555555555555
4444444444444444444444444444444444444444444444444455555555555555555555555555555555555555555555555555
4444444444444444444444444444444444444444444444444455555555555555555555555555555555555555555555555555
66666666666666666666666666666666666666666666666666
66666666666666666666666666666666666666666666666666
66666666666666666666666666666666666666666666666666
66666666666666666666666666666666666666666666666666
66666666666666666666666666666666666666666666666666
66666666666666666666666666666666666666666666666666
66666666666666666666666666666666666666666666666666
66666666666666666666666666666666666666666666666666
66666666666666666666666666666666666666666666666666
66666666666666666666666666666666666666666666666666
66666666666666666666666666666666666666666666666666
66666666666666666666666666666666666666666666666666
66666666666666666666666666666666666666666666666666
66666666666666666666666666666666666666666666666666
66666666666666666666666666666666666666666666666666
66666666666666666666666666666666666666666666666666
66666666666666666666666666666666666666666666666666
66666666666666666666666666666666666666666666666666
66666666666666666666666666666666666666666666666666
66666666666666666666666666666666666666666666666666
66666666666666666666666666666666666666666666666666
66666666666666666666666666666666666666666666666666
66666666666666666666666666666666666666666666666666
66666666666666666666666666666666666666666666666666
66666666666666666666666666666666666666666666666666
66666666666666666666666666666666666666666666666666
66666666666666666666666666666666666666666666666666
66666666666666666666666666666666666666666666666666
66666666666666666666666666666666666666666666666666
66666666666666666666666666666666666666666666666666
66666666666666666666666666666666666666666666666666
66666666666666666666666666666666666666666666666666
66666666666666666666666666666666666666666666666666
66666666666666666666666666666666666666666666666666
66666666666666666666666666666666666666666666666666
66666666666666666666666666666666666666666666666666
66666666666666666666666666666666666666666666666666
66666666666666666666666666666666666666666666666666
66666666666666666666666666666666666666666666666666
66666666666666666666666666666666666666666666666666
66666666666666666666666666666666666666666666666666
66666666666666666666666666666666666666666666666666
66666666666666666666666666666666666666666666666666
66666666666666666666666666666666666666666666666666
66666666666666666666666666666666666666666666666666
66666666666666666666666666666666666666666666666666
66666666666666666666666666666666666666666666666666
66666666666666666666666666666666666666666666666666
66666666666666666666666666666666666666666666666666
66666666666666666666666666666666666666666666666666